.github/dependabot.yml
  h_e3804906c674bd 1-3
code/CHANGELOG.md
  h_e3804906c674bd 10-13
code/package-lock.json
  h_e3804906c674bd 25,40,50,91,121,225,249,263,294,354,364,374,399,413,1062,1692,1702,1717,1736,1750,1764,1780,1791,1801,1819,1879,1891,1908,1958,1972,1986,2000,2014,2028,2042,2056,2070,2084,2098,2115,2125,2132,2139,2152,2162,2185,2201,2208,2215,2243,2321,2331,2352,2365,2377,2390,2424,2456,2472,2486,2496,2517,2534,2547,2560,2585,2598,2619,2653,2688,2705,2731,2744,2754,2771,2784,2800,2815,2828,2835,2842,2852,2862,2872,2882,2895,2921,2941,2948,2958,2968,2986,3002,3012,3033,3050,3077,3087,3112,3126,3139,3149,3162,3178,3191,3205,3226,3236,3253,3260,3283,3299,3309,3328,3338,3351,3367,3394,3414,3421,3438,3465,3475,3485,3498,3508,3524,3541,3551,3564,3726,3736,3749,3759,3772,3788,3798,3814,3833,3857,3870,3889,3896,3913,3930,3943,3953,4026,4057,4067,4077,4091,4104,4125,4138,4145,4152,4186,4196,4224,4234,4260,4277,4294,4304,4319,4370,4401,4418,4434,4452,4459,4476,4486,4505
---
{
  "schema_version": "authorship/3.0.0",
  "git_ai_version": "1.7.5",
  "base_commit_sha": "a0c07bd934d46a97d442eb62625476116e2d3810",
  "prompts": {},
  "humans": {
    "h_e3804906c674bd": {
      "author": "Ivan Alvarez Sabin <ivanasabi@ext.inditex.com>"
    }
  }
}